1319122225
6176299339
6579872828
6858463370
5630229032
8281983585
8279804255
6261567415
6729844397
7175312434
1347210505
501964923
8408812508
8039932759
8344693880
8472781544
1968208143
8494392889
6301781155
1124942119
7624331967
5264832821
1833892163
5099683119
8471813823
6516480734
564091480
8746901234
6978745046
6878838827
5119927725
7599053465
6548920227
1315430583
8234140720
7265078295
1987582154
7663624031
7249964215
6572245249
5150466212
5522354920
8569831289
108380022
8182980568
5320252253
270462968
1040052685
5889704699
7292732456
5948931191
8302877310
8490106223
8620041432
6133314635
7154044508
575261586
6421809602
8516418400
5861676056
8653456357
8476062818
6437740163
7805552299
8760643253
1181308744
8255966332
6556117799
8579732534
8197517725
8740717428
7560468216
6722471542
7591071166
1020964187
-2072331468419
1213048682
1464729560
7756672179
7353215723
7886961410
1810486994
7747113099
8121604171
978489416
6181249001
8738022342
8782705750
7810224410
8755751162
6087454087
8596391870
5930363178
1103541479
